 Polo
 10 10
 6 7
 74 4 11
 1
0 0 0 0   0 0 0 0   0 0 0 0   0 0 0 0   0 0 0 0   0 0 0 0   0 0 0 0   0 0 0 0   0 0 0 0   0 0 0 0   
0 0 0 0   2 0 0 0   2 0 0 0   2 0 0 0   0 0 0 0   0 0 0 0   2 0 0 0   2 0 0 0   2 0 0 0   0 0 0 0   
0 0 0 0   2 0 0 0   2 0 0 0   2 0 0 0   0 0 0 0   2 0 0 0   2 0 0 0   2 0 0 0   2 0 0 0   0 0 0 0   
0 0 0 0   2 0 0 0   2 0 0 0   2 0 0 0   2 0 0 0   2 0 0 0   2 0 0 0   2 0 0 0   2 0 0 0   0 0 0 0   
0 0 0 0   2 0 1 0   2 0 0 0   2 0 0 0   2 0 0 0   2 0 0 0   2 0 0 0   2 0 0 0   2 0 0 0   0 0 0 0   
0 0 0 0   1 0 0 0   2 0 0 0   1 0 0 0   1 0 0 0   1 0 0 0   2 0 0 0   2 0 1 0   2 0 0 0   0 0 0 0   
0 0 0 0   1 0 0 0   1 0 0 0   1 0 0 0   1 0 0 0   1 0 0 0   1 0 0 0   1 1 0 0   2 0 0 0   0 0 0 0   
0 0 0 0   2 0 0 0   2 0 0 0   1 0 0 0   1 0 0 0   1 0 0 0   2 0 0 0   2 0 1 0   2 0 0 0   0 0 0 0   
0 0 0 0   2 0 0 0   2 0 0 0   2 0 0 0   2 0 0 0   2 0 0 0   2 0 0 0   2 0 0 0   2 0 0 0   0 0 0 0   
0 0 0 0   2 0 1 0   2 0 0 0   2 0 0 0   2 0 0 0   2 0 0 0   2 0 0 0   2 0 0 0   0 0 0 0   0 0 0 0   
0 0 0 0   0 0 0 0   2 0 0 0   2 0 0 0   2 0 0 0   2 0 0 0   2 0 0 0   2 0 0 0   0 0 0 0   0 0 0 0   
0 0 0 0   0 0 0 0   0 0 0 0   0 0 0 0   0 0 0 0   0 0 0 0   0 0 0 0   0 0 0 0   0 0 0 0   0 0 0 0   
